{
 "cells": [
  {
   "cell_type": "code",
   "execution_count": 53,
   "metadata": {},
   "outputs": [
    {
     "name": "stdout",
     "output_type": "stream",
     "text": [
      "{'gt_bbox': array([[751.99, 194.58, 818.27, 357.06],\n",
      "       [374.95, 218.3 , 452.88, 399.09],\n",
      "       [752.07, 307.16, 823.54, 484.31],\n",
      "       [408.68, 205.53, 469.07, 374.47],\n",
      "       [896.72, 360.06, 977.67, 570.75],\n",
      "       [876.27, 196.01, 951.14, 359.37],\n",
      "       [645.97, 133.43, 705.61, 269.28],\n",
      "       [586.71, 100.02, 648.33, 223.14],\n",
      "       [632.31, 209.19, 689.95, 318.04],\n",
      "       [703.01, 180.86, 789.43, 308.75]], dtype=float32), 'extra_data': {'gt_class': [], 'gt_track_id': []}}\n"
     ]
    }
   ],
   "source": [
    "import joblib\n",
    "\n",
    "with open('./bbox_data.pkl', 'rb') as f:\n",
    "    data = joblib.load(f)\n",
    "print(data['outputs//_DEMO/nba/img/000050.jpg'])  "
   ]
  },
  {
   "cell_type": "code",
   "execution_count": 49,
   "metadata": {},
   "outputs": [
    {
     "name": "stdout",
     "output_type": "stream",
     "text": [
      "{'time': 0, 'shot': 0, 'frame_path': 'outputs//_DEMO/gymnasts/img/000001.jpg', 'tracked_ids': [1, 2, 3], 'tracked_bbox': [array([193.0563 , 296.27063, 100.25998, 258.5468 ], dtype=float32), array([566.67426, 247.3684 ,  96.96979, 315.6449 ], dtype=float32), array([921.8285  , 303.6542  , 108.081665, 244.69821 ], dtype=float32)], 'tid': [1, 2, 3], 'bbox': [array([193.0563 , 296.27063, 100.25998, 258.5468 ], dtype=float32), array([566.67426, 247.3684 ,  96.96979, 315.6449 ], dtype=float32), array([921.8285  , 303.6542  , 108.081665, 244.69821 ], dtype=float32)], 'tracked_time': [0, 0, 0], 'appe': [array([5.6963716, 7.9686036, 6.8363037, ..., 8.852947 , 9.523425 ,\n",
      "       7.6707616], dtype=float32), array([ 5.9809237,  6.927047 ,  7.893024 , ..., 10.699986 , 10.147116 ,\n",
      "        8.208473 ], dtype=float32), array([ 6.7440968,  8.493642 ,  6.422427 , ..., 10.13802  ,  7.9168625,\n",
      "        7.977644 ], dtype=float32)], 'loca': [array([ 2.1152496e-01,  4.6902621e-01,  2.0620412e-01,  4.7806725e-01,\n",
      "        2.2074097e-01,  4.8811084e-01,  2.1911314e-01,  5.0719041e-01,\n",
      "        2.0442328e-01,  4.9196294e-01,  1.8825260e-01,  4.8318857e-01,\n",
      "        1.6096202e-01,  4.9555117e-01,  1.5723139e-01,  4.7461054e-01,\n",
      "        2.0378906e-01,  5.3505385e-01,  2.1048957e-01,  5.4517406e-01,\n",
      "        2.1729523e-01,  5.8762681e-01,  2.2135383e-01,  6.2995601e-01,\n",
      "        1.9703403e-01,  5.4543114e-01,  1.8304223e-01,  5.8667994e-01,\n",
      "        1.8711841e-01,  6.3238662e-01,  2.1577168e-01,  4.6528625e-01,\n",
      "        2.0900503e-01,  4.6281818e-01,  2.1687347e-01,  4.6616423e-01,\n",
      "        2.0188305e-01,  4.6098405e-01,  1.7444214e-01,  6.3963532e-01,\n",
      "        1.7174962e-01,  6.4041805e-01,  1.9079155e-01,  6.3635731e-01,\n",
      "        2.1738511e-01,  6.4146888e-01,  2.2618073e-01,  6.4119244e-01,\n",
      "        2.2328159e-01,  6.3298386e-01,  2.2369725e-01,  6.2345695e-01,\n",
      "        2.1630585e-01,  5.8045530e-01,  2.1868634e-01,  5.3149384e-01,\n",
      "        1.9066226e-01,  5.3346002e-01,  1.8294451e-01,  5.8184659e-01,\n",
      "        1.8799931e-01,  6.2832451e-01,  2.0485151e-01,  4.9036404e-01,\n",
      "        2.2092858e-01,  5.0276679e-01,  2.1865201e-01,  4.8504999e-01,\n",
      "        1.9130814e-01,  4.8075300e-01,  1.6195789e-01,  4.9034336e-01,\n",
      "        1.5876970e-01,  4.7444808e-01,  2.0581105e-01,  4.7783542e-01,\n",
      "        2.1166614e-01,  4.5836911e-01,  2.0468792e-01,  5.3246319e-01,\n",
      "        2.0494512e-01,  4.8352081e-01,  2.0510963e-01,  5.0503039e-01,\n",
      "        2.0781788e-01,  4.7009510e-01,  2.1279731e-01,  4.5640284e-01,\n",
      "        2.0397916e-01,  5.6002665e-01, -2.6088173e+00,  5.2901196e-01,\n",
      "        1.7212796e+02, -2.6088173e+00,  5.2901196e-01,  1.7212796e+02,\n",
      "       -2.6088173e+00,  5.2901196e-01,  1.7212796e+02], dtype=float32), array([ 4.8654658e-01,  4.3015540e-01,  5.0325394e-01,  4.4874176e-01,\n",
      "        5.0801164e-01,  4.5575875e-01,  4.8514178e-01,  4.5267195e-01,\n",
      "        4.7335383e-01,  4.3859801e-01,  4.8762152e-01,  4.5551911e-01,\n",
      "        4.5247114e-01,  4.5552742e-01,  4.5864886e-01,  4.3603584e-01,\n",
      "        4.9419087e-01,  5.1425350e-01,  4.9652725e-01,  5.2613539e-01,\n",
      "        4.8282725e-01,  5.7607234e-01,  4.7714004e-01,  6.2954044e-01,\n",
      "        4.9077389e-01,  5.2638698e-01,  4.9222365e-01,  5.7743829e-01,\n",
      "        5.0353205e-01,  6.3059527e-01,  4.9098337e-01,  4.2516267e-01,\n",
      "        4.9299374e-01,  4.2666268e-01,  5.0134242e-01,  4.2892659e-01,\n",
      "        5.0508422e-01,  4.3198001e-01,  4.8062706e-01,  6.4388967e-01,\n",
      "        4.8591271e-01,  6.4406979e-01,  5.1213229e-01,  6.3370758e-01,\n",
      "        4.5269001e-01,  6.3516933e-01,  4.6159682e-01,  6.3801020e-01,\n",
      "        4.8354256e-01,  6.3611770e-01,  4.8275703e-01,  6.2375152e-01,\n",
      "        4.8470780e-01,  5.6738961e-01,  5.0232852e-01,  5.1042604e-01,\n",
      "        4.9029568e-01,  5.1285988e-01,  4.9156204e-01,  5.7138169e-01,\n",
      "        5.0603271e-01,  6.2547880e-01,  4.7834158e-01,  4.4099623e-01,\n",
      "        4.8757794e-01,  4.4806939e-01,  5.0786376e-01,  4.5267189e-01,\n",
      "        4.9163938e-01,  4.5239845e-01,  4.5597571e-01,  4.5040852e-01,\n",
      "        4.6087506e-01,  4.3620989e-01,  5.0249439e-01,  4.4845474e-01,\n",
      "        5.0313306e-01,  4.2348257e-01,  4.9631891e-01,  5.1159924e-01,\n",
      "        4.9976853e-01,  4.5359662e-01,  5.0004554e-01,  4.7964516e-01,\n",
      "        4.9548233e-01,  4.3627411e-01,  5.0477177e-01,  4.2119274e-01,\n",
      "        4.9441159e-01,  5.4309118e-01, -4.2173319e-02,  3.2519048e-01,\n",
      "        1.4739391e+02, -4.2173319e-02,  3.2519048e-01,  1.4739391e+02,\n",
      "       -4.2173319e-02,  3.2519048e-01,  1.4739391e+02], dtype=float32), array([  0.7558767 ,   0.4728908 ,   0.7667103 ,   0.48353273,\n",
      "         0.7715179 ,   0.49199966,   0.762665  ,   0.5081144 ,\n",
      "         0.73817694,   0.5086671 ,   0.7582473 ,   0.4866043 ,\n",
      "         0.73361105,   0.47799298,   0.72542834,   0.47606364,\n",
      "         0.77678436,   0.5340172 ,   0.7800197 ,   0.5424805 ,\n",
      "         0.764483  ,   0.5766182 ,   0.74724996,   0.6141916 ,\n",
      "         0.7769144 ,   0.54407215,   0.7860751 ,   0.58221394,\n",
      "         0.7955816 ,   0.62284225,   0.76117766,   0.4693507 ,\n",
      "         0.75571203,   0.46827066,   0.7702253 ,   0.47141594,\n",
      "         0.75818896,   0.46930203,   0.7766511 ,   0.6315675 ,\n",
      "         0.7811594 ,   0.631883  ,   0.8021877 ,   0.6260054 ,\n",
      "         0.72900665,   0.6126651 ,   0.73637605,   0.61614716,\n",
      "         0.75014937,   0.62085444,   0.7528599 ,   0.61137336,\n",
      "         0.7666852 ,   0.5705194 ,   0.7821538 ,   0.52919906,\n",
      "         0.77522063,   0.53402764,   0.78503823,   0.57779324,\n",
      "         0.79776084,   0.61909044,   0.74126387,   0.5064093 ,\n",
      "         0.7613288 ,   0.50425303,   0.7715042 ,   0.48892137,\n",
      "         0.76029086,   0.4838766 ,   0.73621076,   0.47509354,\n",
      "         0.7278371 ,   0.47526085,   0.7662455 ,   0.48336786,\n",
      "         0.76364374,   0.4650153 ,   0.77862984,   0.5316125 ,\n",
      "         0.7660076 ,   0.48730198,   0.7725872 ,   0.50749   ,\n",
      "         0.7596719 ,   0.47589305,   0.7648729 ,   0.46309638,\n",
      "         0.7770176 ,   0.55708593,   2.6773314 ,   0.55172664,\n",
      "       188.76645   ,   2.6773314 ,   0.55172664, 188.76645   ,\n",
      "         2.6773314 ,   0.55172664, 188.76645   ], dtype=float32)], 'pose': [array([-9.07811165e-01,  2.89273411e-02, -4.18380260e-01,  7.31863687e-03,\n",
      "       -9.96373594e-01, -8.47706646e-02, -4.19315249e-01, -8.00177306e-02,\n",
      "        9.04307365e-01,  9.84606564e-01, -1.51755467e-01,  8.67187753e-02,\n",
      "        1.32393315e-01,  9.71457899e-01,  1.96828514e-01, -1.14113450e-01,\n",
      "       -1.82317674e-01,  9.76595223e-01,  9.87209857e-01,  1.41093582e-01,\n",
      "       -7.42246360e-02, -1.29423276e-01,  9.81128037e-01,  1.43657386e-01,\n",
      "        9.30930004e-02, -1.32213593e-01,  9.86840069e-01,  9.99766648e-01,\n",
      "       -1.53511530e-02,  1.52000338e-02,  1.86080337e-02,  9.69363868e-01,\n",
      "       -2.44923249e-01, -1.09745115e-02,  2.45148927e-01,  9.69423294e-01,\n",
      "        9.94848847e-01,  8.33873153e-02, -5.76401502e-02, -9.81656536e-02,\n",
      "        9.34332848e-01, -3.42615902e-01,  2.52852514e-02,  3.46509278e-01,\n",
      "        9.37705755e-01,  9.92178619e-01, -1.21909216e-01,  2.68288665e-02,\n",
      "        1.17647819e-01,  8.41428816e-01, -5.27405381e-01,  4.17210124e-02,\n",
      "        5.26436687e-01,  8.49190056e-01,  9.96962607e-01, -6.78633302e-02,\n",
      "        3.82125489e-02,  6.64677545e-02,  9.97114182e-01,  3.66796181e-02,\n",
      "       -4.05914709e-02, -3.40283029e-02,  9.98596251e-01,  9.69061077e-01,\n",
      "        1.61354020e-01,  1.86776370e-01, -1.69676527e-01,  9.85062480e-01,\n",
      "        2.93567590e-02, -1.79249555e-01, -6.01400621e-02,  9.81963694e-01,\n",
      "        9.80396271e-01, -1.07393548e-01, -1.65196121e-01,  1.13099873e-01,\n",
      "        9.93256211e-01,  2.55053025e-02,  1.61342978e-01, -4.36889641e-02,\n",
      "        9.85930860e-01,  9.99095142e-01, -3.47473882e-02,  2.45247297e-02,\n",
      "        3.44823003e-02,  9.99343157e-01,  1.11505073e-02, -2.48960685e-02,\n",
      "       -1.02947494e-02,  9.99637067e-01,  9.57445443e-01, -2.88614243e-01,\n",
      "       -3.94448180e-05,  2.87347794e-01,  9.53231275e-01,  9.37084556e-02,\n",
      "       -2.70079989e-02, -8.97320732e-02,  9.95599627e-01,  9.88580346e-01,\n",
      "        1.47094652e-01, -3.27450037e-02, -1.42674595e-01,  9.83545363e-01,\n",
      "        1.10826232e-01,  4.85081449e-02, -1.04888737e-01,  9.93300259e-01,\n",
      "        9.16274667e-01, -1.85685515e-01, -3.54910672e-01,  2.08331794e-01,\n",
      "        9.77703810e-01,  2.63269097e-02,  3.42108995e-01, -9.80618596e-02,\n",
      "        9.34529424e-01,  9.77549314e-01,  4.90535609e-02, -2.04917252e-01,\n",
      "       -2.06985418e-02,  9.90175545e-01,  1.38288945e-01,  2.09687650e-01,\n",
      "       -1.30942777e-01,  9.68960762e-01,  9.01403666e-01, -7.47220516e-02,\n",
      "        4.26483303e-01,  2.57749557e-02,  9.92509723e-01,  1.19415514e-01,\n",
      "       -4.32211816e-01, -9.66489911e-02,  8.96577835e-01,  9.39180315e-01,\n",
      "       -1.34295329e-01, -3.16077739e-01,  9.86055508e-02,  9.87067223e-01,\n",
      "       -1.26393363e-01,  3.28964025e-01,  8.75391290e-02,  9.40276384e-01,\n",
      "        8.22366953e-01,  4.72478151e-01, -3.16981167e-01, -4.03444648e-01,\n",
      "        8.77089500e-01,  2.60665476e-01,  4.01179552e-01, -8.64783004e-02,\n",
      "        9.11908209e-01,  6.83281302e-01, -5.85344434e-01,  4.36461449e-01,\n",
      "        5.05507052e-01,  8.10571551e-01,  2.95696497e-01, -5.26867568e-01,\n",
      "        1.85904279e-02,  8.49744081e-01, -2.21465267e-02, -2.27966607e-01,\n",
      "       -9.73417044e-01,  5.55073857e-01,  8.06995690e-01, -2.01620713e-01,\n",
      "        8.31506193e-01, -5.44783533e-01,  1.08666152e-01,  2.88882911e-01,\n",
      "        3.30352128e-01,  8.98562253e-01, -4.81212646e-01,  8.61501038e-01,\n",
      "       -1.62019491e-01, -8.27635825e-01, -3.85594845e-01,  4.07842547e-01,\n",
      "        9.81711924e-01, -1.52658418e-01, -1.13740854e-01,  1.65328264e-01,\n",
      "        9.79879618e-01,  1.11814223e-01,  9.43829641e-02, -1.28573954e-01,\n",
      "        9.87198234e-01,  9.82318163e-01,  1.55043006e-01,  1.04941174e-01,\n",
      "       -1.62506089e-01,  9.84449863e-01,  6.67098835e-02, -9.29664299e-02,\n",
      "       -8.25839117e-02,  9.92238402e-01,  9.82421637e-01,  1.75173521e-01,\n",
      "       -6.45133331e-02, -1.71892285e-01,  9.83669698e-01,  5.33566400e-02,\n",
      "        7.28064850e-02, -4.13293727e-02,  9.96489346e-01,  9.88331258e-01,\n",
      "       -1.38853073e-01,  6.26186281e-02,  1.35594726e-01,  9.89313245e-01,\n",
      "        5.36047518e-02, -6.93926141e-02, -4.44884971e-02,  9.96596932e-01,\n",
      "        5.81478179e-02,  7.96923995e-01,  1.18311346e-01, -1.84957087e-02,\n",
      "       -1.81842029e-01, -1.27030671e-01,  1.28855303e-01,  2.13319227e-01,\n",
      "       -1.03308439e-01,  6.45420253e-02, -2.60881734e+00,  5.29011965e-01,\n",
      "        8.60639811e-01], dtype=float32), array([-3.36776495e-01,  1.07770443e-01, -9.35396731e-01,  4.60937060e-03,\n",
      "       -9.93227661e-01, -1.16092883e-01, -9.41573322e-01, -4.34089452e-02,\n",
      "        3.33998978e-01,  9.95693803e-01,  2.09314339e-02,  9.03088227e-02,\n",
      "       -6.90694991e-03,  9.88218546e-01, -1.52893394e-01, -9.24451351e-02,\n",
      "        1.51611254e-01,  9.84107673e-01,  9.95476961e-01, -9.24151614e-02,\n",
      "        2.20246855e-02,  8.65040720e-02,  9.77569044e-01,  1.92030281e-01,\n",
      "       -3.92771661e-02, -1.89256489e-01,  9.81141746e-01,  9.97118354e-01,\n",
      "       -2.54675075e-02, -7.14585781e-02,  1.32281017e-02,  9.85903800e-01,\n",
      "       -1.66789353e-01,  7.46989995e-02,  1.65363476e-01,  9.83399689e-01,\n",
      "        9.97182906e-01, -4.84200148e-03, -7.48522133e-02,  3.70068534e-04,\n",
      "        9.98219788e-01, -5.96420020e-02,  7.50077441e-02,  5.94462827e-02,\n",
      "        9.95409489e-01,  9.98119950e-01, -5.78332990e-02,  2.02963054e-02,\n",
      "        6.02011941e-02,  9.87233043e-01, -1.47467792e-01, -1.15086325e-02,\n",
      "        1.48412392e-01,  9.88858640e-01,  9.99737203e-01,  7.20565999e-03,\n",
      "       -2.17628572e-02, -6.12790138e-03,  9.98770654e-01,  4.91897911e-02,\n",
      "        2.20905486e-02, -4.90435027e-02,  9.98552322e-01,  9.61366117e-01,\n",
      "        1.66020006e-01,  2.19573691e-01, -1.39521718e-01,  9.81484830e-01,\n",
      "       -1.31230116e-01, -2.37295046e-01,  9.55248848e-02,  9.66729641e-01,\n",
      "        9.61224258e-01, -1.37389138e-01, -2.39106879e-01,  1.21121429e-01,\n",
      "        9.89284575e-01, -8.15204605e-02,  2.47744784e-01,  4.93984781e-02,\n",
      "        9.67565119e-01,  9.99568224e-01,  2.27272045e-03, -2.92930119e-02,\n",
      "        1.84437248e-03,  9.90183711e-01,  1.39759764e-01,  2.93230992e-02,\n",
      "       -1.39753461e-01,  9.89751995e-01,  9.87907887e-01, -1.54163554e-01,\n",
      "        1.64797734e-02,  1.52548343e-01,  9.85499382e-01,  7.42959380e-02,\n",
      "       -2.76945345e-02, -7.08835796e-02,  9.97099996e-01,  9.65137899e-01,\n",
      "        2.10671142e-01,  1.55327231e-01, -2.08586231e-01,  9.77550209e-01,\n",
      "       -2.97895558e-02, -1.58115953e-01, -3.64809204e-03,  9.87413883e-01,\n",
      "        9.19856071e-01, -3.67217176e-02,  3.90533417e-01,  3.00819147e-03,\n",
      "        9.96239424e-01,  8.65905955e-02, -3.92244548e-01, -7.84760863e-02,\n",
      "        9.16507363e-01,  8.61400843e-01,  4.79596928e-02, -5.05656421e-01,\n",
      "        2.58238334e-02,  9.90109444e-01,  1.37900010e-01,  5.07268846e-01,\n",
      "       -1.31845176e-01,  8.51642609e-01,  8.73042703e-01, -1.46488631e-02,\n",
      "        4.87423718e-01, -7.37526789e-02,  9.84083951e-01,  1.61676496e-01,\n",
      "       -4.82034236e-01, -1.77099288e-01,  8.58066916e-01,  9.45929110e-01,\n",
      "        1.13872856e-01,  3.03728610e-01, -8.01617205e-02,  9.89376307e-01,\n",
      "       -1.21278651e-01, -3.14312279e-01,  9.03735980e-02,  9.45008099e-01,\n",
      "        8.38458955e-01,  2.09507868e-01, -5.03083587e-01, -1.40843138e-01,\n",
      "        9.75092709e-01,  1.71340168e-01,  5.26450217e-01, -7.28058442e-02,\n",
      "        8.47082973e-01,  7.18381941e-01, -1.68905631e-01,  6.74832106e-01,\n",
      "        1.26842633e-01,  9.85617518e-01,  1.11664742e-01, -6.83987200e-01,\n",
      "        5.37951803e-03,  7.29474247e-01, -1.33723080e-01, -1.51870474e-01,\n",
      "       -9.79312778e-01,  2.73099035e-01,  9.44277942e-01, -1.83728412e-01,\n",
      "        9.52646375e-01, -2.92018056e-01, -8.47960785e-02, -2.87563443e-01,\n",
      "        1.76424876e-01,  9.41372156e-01, -2.16632098e-01,  9.45434153e-01,\n",
      "       -2.43361339e-01, -9.32940423e-01, -2.73913234e-01, -2.33653009e-01,\n",
      "        9.52713251e-01, -1.88898131e-01, -2.38022804e-01,  1.98411033e-01,\n",
      "        9.79981065e-01,  1.64364129e-02,  2.30153039e-01, -6.28855452e-02,\n",
      "        9.71120417e-01,  9.62552726e-01,  1.15800522e-01,  2.45117664e-01,\n",
      "       -1.38037235e-01,  9.87544060e-01,  7.55148008e-02, -2.33319834e-01,\n",
      "       -1.06522337e-01,  9.66548026e-01,  9.89770830e-01,  1.38588771e-01,\n",
      "       -3.38648073e-02, -1.37499169e-01,  9.89964008e-01,  3.26369144e-02,\n",
      "        3.80480550e-02, -2.76466850e-02,  9.98893321e-01,  9.79293168e-01,\n",
      "       -1.81572154e-01,  8.95349085e-02,  1.83497027e-01,  9.82924938e-01,\n",
      "       -1.36882327e-02, -8.55206922e-02,  2.98341792e-02,  9.95889604e-01,\n",
      "        1.01934135e-01,  3.94113272e-01, -1.85309917e-01, -4.33914095e-01,\n",
      "       -1.40756011e-01,  1.13024488e-02,  1.21651173e-01,  1.36104837e-01,\n",
      "       -1.05615586e-01,  5.96280098e-02, -4.21733186e-02,  3.25190485e-01,\n",
      "        7.36969531e-01], dtype=float32), array([-2.53702283e-01, -1.14866979e-01, -9.60437834e-01,  1.06509477e-01,\n",
      "       -9.90203559e-01,  9.02921557e-02, -9.61400509e-01, -7.93884024e-02,\n",
      "        2.63451338e-01,  9.85168993e-01, -3.24275233e-02,  1.68494835e-01,\n",
      "        5.39536141e-02,  9.90714729e-01, -1.24793127e-01, -1.62883595e-01,\n",
      "        1.32033229e-01,  9.77771044e-01,  9.98420894e-01,  5.36695980e-02,\n",
      "       -1.65879447e-02, -3.49414460e-02,  8.24554861e-01,  5.64702034e-01,\n",
      "        4.39849980e-02, -5.63230813e-01,  8.25128078e-01,  9.94859815e-01,\n",
      "       -1.14699127e-02, -1.00609809e-01, -2.70747598e-02,  9.27261233e-01,\n",
      "       -3.73434752e-01,  9.75748450e-02,  3.74239236e-01,  9.22184408e-01,\n",
      "        9.81180906e-01,  2.70970078e-04, -1.93090826e-01,  2.24583521e-02,\n",
      "        9.93051827e-01,  1.15514591e-01,  1.91780508e-01, -1.17677204e-01,\n",
      "        9.74357426e-01,  9.72441435e-01, -6.26607239e-02, -2.24569112e-01,\n",
      "        6.78033158e-02,  9.97582138e-01,  1.52538950e-02,  2.23070294e-01,\n",
      "       -3.00600529e-02,  9.74338830e-01,  9.88860846e-01, -1.48446813e-01,\n",
      "        1.08489776e-02,  1.45729661e-01,  9.80432868e-01,  1.32341370e-01,\n",
      "       -3.02823484e-02, -1.29286185e-01,  9.91144776e-01,  9.46675837e-01,\n",
      "        1.55521452e-01,  2.82166302e-01, -1.60522878e-01,  9.87017035e-01,\n",
      "       -5.45475679e-03, -2.79351264e-01, -4.01302725e-02,  9.59349930e-01,\n",
      "        9.43488955e-01, -2.50740260e-01, -2.16697812e-01,  2.07642868e-01,\n",
      "        9.56879973e-01, -2.03138262e-01,  2.58288741e-01,  1.46662951e-01,\n",
      "        9.54870105e-01,  9.96877491e-01, -6.66334853e-02, -4.23713364e-02,\n",
      "        6.97109774e-02,  9.94678497e-01,  7.58629441e-02,  3.70908417e-02,\n",
      "       -7.85797983e-02,  9.96217668e-01,  9.71670151e-01, -2.26759493e-01,\n",
      "       -6.66119531e-02,  2.28443757e-01,  9.73376334e-01,  1.87604520e-02,\n",
      "        6.05843924e-02, -3.34460586e-02,  9.97602522e-01,  9.50844824e-01,\n",
      "        2.97217101e-01,  8.69263560e-02, -2.99470723e-01,  9.54005063e-01,\n",
      "        1.38456458e-02, -7.88130164e-02, -3.91969532e-02,  9.96118605e-01,\n",
      "        9.87339139e-01, -1.05844408e-01, -1.18145213e-01,  1.21517181e-01,\n",
      "        9.83438253e-01,  1.34472042e-01,  1.01955414e-01, -1.47126198e-01,\n",
      "        9.83848989e-01,  8.66228282e-01, -2.87554890e-01, -4.08608317e-01,\n",
      "        3.46197248e-01,  9.35089886e-01,  7.58579150e-02,  3.60272169e-01,\n",
      "       -2.07169339e-01,  9.09552038e-01,  8.62110317e-01, -5.63189797e-02,\n",
      "        5.03581107e-01,  6.18194183e-03,  9.94899273e-01,  1.00683257e-01,\n",
      "       -5.06682932e-01, -8.36869627e-02,  8.58061075e-01,  9.44065928e-01,\n",
      "       -3.00241522e-02, -3.28386933e-01,  4.13158722e-02,  9.98768687e-01,\n",
      "        2.74606887e-02,  3.27158123e-01, -3.94923016e-02,  9.44143951e-01,\n",
      "        9.00078297e-01, -7.93129206e-02, -4.28448975e-01,  1.70640290e-01,\n",
      "        9.68916595e-01,  1.79115891e-01,  4.00925130e-01, -2.34328985e-01,\n",
      "        8.85634780e-01,  8.31891239e-01, -3.63218665e-01,  4.19558346e-01,\n",
      "        3.87473017e-01,  9.21411932e-01,  2.94084474e-02, -3.97267699e-01,\n",
      "        1.38102904e-01,  9.07251954e-01,  1.45143375e-01,  2.53676195e-02,\n",
      "       -9.89085436e-01,  1.08602025e-01,  9.93222415e-01,  4.14105318e-02,\n",
      "        9.83432293e-01, -1.13427132e-01,  1.41404673e-01,  1.12137251e-01,\n",
      "        1.73717171e-01,  9.78390276e-01, -5.36829932e-04,  9.84610915e-01,\n",
      "       -1.74760133e-01, -9.93692577e-01,  1.90718770e-02,  1.10504821e-01,\n",
      "        9.66312349e-01, -1.24549359e-01, -2.25228459e-01,  1.16395451e-01,\n",
      "        9.91984665e-01, -4.91797104e-02,  2.29548454e-01,  2.13073958e-02,\n",
      "        9.73064005e-01,  9.74229932e-01,  7.07888901e-02,  2.14160994e-01,\n",
      "       -9.07026902e-02,  9.92276013e-01,  8.46239328e-02, -2.06516400e-01,\n",
      "       -1.01868153e-01,  9.73125756e-01,  9.87163663e-01,  1.33405775e-01,\n",
      "       -8.78110975e-02, -1.25088304e-01,  9.87658262e-01,  9.42555070e-02,\n",
      "        9.93015841e-02, -8.20614696e-02,  9.91667867e-01,  9.89331722e-01,\n",
      "       -1.27184480e-01,  7.10405260e-02,  1.22838184e-01,  9.90454376e-01,\n",
      "        6.25377223e-02, -7.83162266e-02, -5.31440675e-02,  9.95511055e-01,\n",
      "        3.88682187e-02,  2.39084512e-01,  3.22555602e-02, -9.01404023e-03,\n",
      "        2.23108828e-02,  9.68023762e-02,  4.21948731e-02,  4.86640781e-02,\n",
      "        3.30294669e-03,  2.64040530e-02,  2.67733145e+00,  5.51726639e-01,\n",
      "        9.43832219e-01], dtype=float32)], 'center': [array([243.18629456, 425.54403687]), array([615.15917969, 405.19085693]), array([975.86932373, 426.0032959 ])], 'scale': [0.20198969841003417, 0.2465975761413574, 0.19117047786712646], 'size': [[720, 1280], [720, 1280], [720, 1280]], 'img_path': ['outputs//_DEMO/gymnasts/img/000001.jpg', 'outputs//_DEMO/gymnasts/img/000001.jpg', 'outputs//_DEMO/gymnasts/img/000001.jpg'], 'img_name': ['000001.jpg', '000001.jpg', '000001.jpg'], 'class_name': [0, 0, 0], 'conf': [0.9921939, 0.9906323, 0.9885305], 'annotations': [[], [], []], 'smpl': [{'global_orient': array([[[-0.90781116,  0.02892734, -0.41838026],\n",
      "        [ 0.00731864, -0.9963736 , -0.08477066],\n",
      "        [-0.41931525, -0.08001773,  0.90430737]]], dtype=float32), 'body_pose': array([[[ 9.84606564e-01, -1.51755467e-01,  8.67187753e-02],\n",
      "        [ 1.32393315e-01,  9.71457899e-01,  1.96828514e-01],\n",
      "        [-1.14113450e-01, -1.82317674e-01,  9.76595223e-01]],\n",
      "\n",
      "       [[ 9.87209857e-01,  1.41093582e-01, -7.42246360e-02],\n",
      "        [-1.29423276e-01,  9.81128037e-01,  1.43657386e-01],\n",
      "        [ 9.30930004e-02, -1.32213593e-01,  9.86840069e-01]],\n",
      "\n",
      "       [[ 9.99766648e-01, -1.53511530e-02,  1.52000338e-02],\n",
      "        [ 1.86080337e-02,  9.69363868e-01, -2.44923249e-01],\n",
      "        [-1.09745115e-02,  2.45148927e-01,  9.69423294e-01]],\n",
      "\n",
      "       [[ 9.94848847e-01,  8.33873153e-02, -5.76401502e-02],\n",
      "        [-9.81656536e-02,  9.34332848e-01, -3.42615902e-01],\n",
      "        [ 2.52852514e-02,  3.46509278e-01,  9.37705755e-01]],\n",
      "\n",
      "       [[ 9.92178619e-01, -1.21909216e-01,  2.68288665e-02],\n",
      "        [ 1.17647819e-01,  8.41428816e-01, -5.27405381e-01],\n",
      "        [ 4.17210124e-02,  5.26436687e-01,  8.49190056e-01]],\n",
      "\n",
      "       [[ 9.96962607e-01, -6.78633302e-02,  3.82125489e-02],\n",
      "        [ 6.64677545e-02,  9.97114182e-01,  3.66796181e-02],\n",
      "        [-4.05914709e-02, -3.40283029e-02,  9.98596251e-01]],\n",
      "\n",
      "       [[ 9.69061077e-01,  1.61354020e-01,  1.86776370e-01],\n",
      "        [-1.69676527e-01,  9.85062480e-01,  2.93567590e-02],\n",
      "        [-1.79249555e-01, -6.01400621e-02,  9.81963694e-01]],\n",
      "\n",
      "       [[ 9.80396271e-01, -1.07393548e-01, -1.65196121e-01],\n",
      "        [ 1.13099873e-01,  9.93256211e-01,  2.55053025e-02],\n",
      "        [ 1.61342978e-01, -4.36889641e-02,  9.85930860e-01]],\n",
      "\n",
      "       [[ 9.99095142e-01, -3.47473882e-02,  2.45247297e-02],\n",
      "        [ 3.44823003e-02,  9.99343157e-01,  1.11505073e-02],\n",
      "        [-2.48960685e-02, -1.02947494e-02,  9.99637067e-01]],\n",
      "\n",
      "       [[ 9.57445443e-01, -2.88614243e-01, -3.94448180e-05],\n",
      "        [ 2.87347794e-01,  9.53231275e-01,  9.37084556e-02],\n",
      "        [-2.70079989e-02, -8.97320732e-02,  9.95599627e-01]],\n",
      "\n",
      "       [[ 9.88580346e-01,  1.47094652e-01, -3.27450037e-02],\n",
      "        [-1.42674595e-01,  9.83545363e-01,  1.10826232e-01],\n",
      "        [ 4.85081449e-02, -1.04888737e-01,  9.93300259e-01]],\n",
      "\n",
      "       [[ 9.16274667e-01, -1.85685515e-01, -3.54910672e-01],\n",
      "        [ 2.08331794e-01,  9.77703810e-01,  2.63269097e-02],\n",
      "        [ 3.42108995e-01, -9.80618596e-02,  9.34529424e-01]],\n",
      "\n",
      "       [[ 9.77549314e-01,  4.90535609e-02, -2.04917252e-01],\n",
      "        [-2.06985418e-02,  9.90175545e-01,  1.38288945e-01],\n",
      "        [ 2.09687650e-01, -1.30942777e-01,  9.68960762e-01]],\n",
      "\n",
      "       [[ 9.01403666e-01, -7.47220516e-02,  4.26483303e-01],\n",
      "        [ 2.57749557e-02,  9.92509723e-01,  1.19415514e-01],\n",
      "        [-4.32211816e-01, -9.66489911e-02,  8.96577835e-01]],\n",
      "\n",
      "       [[ 9.39180315e-01, -1.34295329e-01, -3.16077739e-01],\n",
      "        [ 9.86055508e-02,  9.87067223e-01, -1.26393363e-01],\n",
      "        [ 3.28964025e-01,  8.75391290e-02,  9.40276384e-01]],\n",
      "\n",
      "       [[ 8.22366953e-01,  4.72478151e-01, -3.16981167e-01],\n",
      "        [-4.03444648e-01,  8.77089500e-01,  2.60665476e-01],\n",
      "        [ 4.01179552e-01, -8.64783004e-02,  9.11908209e-01]],\n",
      "\n",
      "       [[ 6.83281302e-01, -5.85344434e-01,  4.36461449e-01],\n",
      "        [ 5.05507052e-01,  8.10571551e-01,  2.95696497e-01],\n",
      "        [-5.26867568e-01,  1.85904279e-02,  8.49744081e-01]],\n",
      "\n",
      "       [[-2.21465267e-02, -2.27966607e-01, -9.73417044e-01],\n",
      "        [ 5.55073857e-01,  8.06995690e-01, -2.01620713e-01],\n",
      "        [ 8.31506193e-01, -5.44783533e-01,  1.08666152e-01]],\n",
      "\n",
      "       [[ 2.88882911e-01,  3.30352128e-01,  8.98562253e-01],\n",
      "        [-4.81212646e-01,  8.61501038e-01, -1.62019491e-01],\n",
      "        [-8.27635825e-01, -3.85594845e-01,  4.07842547e-01]],\n",
      "\n",
      "       [[ 9.81711924e-01, -1.52658418e-01, -1.13740854e-01],\n",
      "        [ 1.65328264e-01,  9.79879618e-01,  1.11814223e-01],\n",
      "        [ 9.43829641e-02, -1.28573954e-01,  9.87198234e-01]],\n",
      "\n",
      "       [[ 9.82318163e-01,  1.55043006e-01,  1.04941174e-01],\n",
      "        [-1.62506089e-01,  9.84449863e-01,  6.67098835e-02],\n",
      "        [-9.29664299e-02, -8.25839117e-02,  9.92238402e-01]],\n",
      "\n",
      "       [[ 9.82421637e-01,  1.75173521e-01, -6.45133331e-02],\n",
      "        [-1.71892285e-01,  9.83669698e-01,  5.33566400e-02],\n",
      "        [ 7.28064850e-02, -4.13293727e-02,  9.96489346e-01]],\n",
      "\n",
      "       [[ 9.88331258e-01, -1.38853073e-01,  6.26186281e-02],\n",
      "        [ 1.35594726e-01,  9.89313245e-01,  5.36047518e-02],\n",
      "        [-6.93926141e-02, -4.44884971e-02,  9.96596932e-01]]],\n",
      "      dtype=float32), 'betas': array([ 0.05814782,  0.796924  ,  0.11831135, -0.01849571, -0.18184203,\n",
      "       -0.12703067,  0.1288553 ,  0.21331923, -0.10330844,  0.06454203],\n",
      "      dtype=float32)}, {'global_orient': array([[[-0.3367765 ,  0.10777044, -0.93539673],\n",
      "        [ 0.00460937, -0.99322766, -0.11609288],\n",
      "        [-0.9415733 , -0.04340895,  0.33399898]]], dtype=float32), 'body_pose': array([[[ 9.95693803e-01,  2.09314339e-02,  9.03088227e-02],\n",
      "        [-6.90694991e-03,  9.88218546e-01, -1.52893394e-01],\n",
      "        [-9.24451351e-02,  1.51611254e-01,  9.84107673e-01]],\n",
      "\n",
      "       [[ 9.95476961e-01, -9.24151614e-02,  2.20246855e-02],\n",
      "        [ 8.65040720e-02,  9.77569044e-01,  1.92030281e-01],\n",
      "        [-3.92771661e-02, -1.89256489e-01,  9.81141746e-01]],\n",
      "\n",
      "       [[ 9.97118354e-01, -2.54675075e-02, -7.14585781e-02],\n",
      "        [ 1.32281017e-02,  9.85903800e-01, -1.66789353e-01],\n",
      "        [ 7.46989995e-02,  1.65363476e-01,  9.83399689e-01]],\n",
      "\n",
      "       [[ 9.97182906e-01, -4.84200148e-03, -7.48522133e-02],\n",
      "        [ 3.70068534e-04,  9.98219788e-01, -5.96420020e-02],\n",
      "        [ 7.50077441e-02,  5.94462827e-02,  9.95409489e-01]],\n",
      "\n",
      "       [[ 9.98119950e-01, -5.78332990e-02,  2.02963054e-02],\n",
      "        [ 6.02011941e-02,  9.87233043e-01, -1.47467792e-01],\n",
      "        [-1.15086325e-02,  1.48412392e-01,  9.88858640e-01]],\n",
      "\n",
      "       [[ 9.99737203e-01,  7.20565999e-03, -2.17628572e-02],\n",
      "        [-6.12790138e-03,  9.98770654e-01,  4.91897911e-02],\n",
      "        [ 2.20905486e-02, -4.90435027e-02,  9.98552322e-01]],\n",
      "\n",
      "       [[ 9.61366117e-01,  1.66020006e-01,  2.19573691e-01],\n",
      "        [-1.39521718e-01,  9.81484830e-01, -1.31230116e-01],\n",
      "        [-2.37295046e-01,  9.55248848e-02,  9.66729641e-01]],\n",
      "\n",
      "       [[ 9.61224258e-01, -1.37389138e-01, -2.39106879e-01],\n",
      "        [ 1.21121429e-01,  9.89284575e-01, -8.15204605e-02],\n",
      "        [ 2.47744784e-01,  4.93984781e-02,  9.67565119e-01]],\n",
      "\n",
      "       [[ 9.99568224e-01,  2.27272045e-03, -2.92930119e-02],\n",
      "        [ 1.84437248e-03,  9.90183711e-01,  1.39759764e-01],\n",
      "        [ 2.93230992e-02, -1.39753461e-01,  9.89751995e-01]],\n",
      "\n",
      "       [[ 9.87907887e-01, -1.54163554e-01,  1.64797734e-02],\n",
      "        [ 1.52548343e-01,  9.85499382e-01,  7.42959380e-02],\n",
      "        [-2.76945345e-02, -7.08835796e-02,  9.97099996e-01]],\n",
      "\n",
      "       [[ 9.65137899e-01,  2.10671142e-01,  1.55327231e-01],\n",
      "        [-2.08586231e-01,  9.77550209e-01, -2.97895558e-02],\n",
      "        [-1.58115953e-01, -3.64809204e-03,  9.87413883e-01]],\n",
      "\n",
      "       [[ 9.19856071e-01, -3.67217176e-02,  3.90533417e-01],\n",
      "        [ 3.00819147e-03,  9.96239424e-01,  8.65905955e-02],\n",
      "        [-3.92244548e-01, -7.84760863e-02,  9.16507363e-01]],\n",
      "\n",
      "       [[ 8.61400843e-01,  4.79596928e-02, -5.05656421e-01],\n",
      "        [ 2.58238334e-02,  9.90109444e-01,  1.37900010e-01],\n",
      "        [ 5.07268846e-01, -1.31845176e-01,  8.51642609e-01]],\n",
      "\n",
      "       [[ 8.73042703e-01, -1.46488631e-02,  4.87423718e-01],\n",
      "        [-7.37526789e-02,  9.84083951e-01,  1.61676496e-01],\n",
      "        [-4.82034236e-01, -1.77099288e-01,  8.58066916e-01]],\n",
      "\n",
      "       [[ 9.45929110e-01,  1.13872856e-01,  3.03728610e-01],\n",
      "        [-8.01617205e-02,  9.89376307e-01, -1.21278651e-01],\n",
      "        [-3.14312279e-01,  9.03735980e-02,  9.45008099e-01]],\n",
      "\n",
      "       [[ 8.38458955e-01,  2.09507868e-01, -5.03083587e-01],\n",
      "        [-1.40843138e-01,  9.75092709e-01,  1.71340168e-01],\n",
      "        [ 5.26450217e-01, -7.28058442e-02,  8.47082973e-01]],\n",
      "\n",
      "       [[ 7.18381941e-01, -1.68905631e-01,  6.74832106e-01],\n",
      "        [ 1.26842633e-01,  9.85617518e-01,  1.11664742e-01],\n",
      "        [-6.83987200e-01,  5.37951803e-03,  7.29474247e-01]],\n",
      "\n",
      "       [[-1.33723080e-01, -1.51870474e-01, -9.79312778e-01],\n",
      "        [ 2.73099035e-01,  9.44277942e-01, -1.83728412e-01],\n",
      "        [ 9.52646375e-01, -2.92018056e-01, -8.47960785e-02]],\n",
      "\n",
      "       [[-2.87563443e-01,  1.76424876e-01,  9.41372156e-01],\n",
      "        [-2.16632098e-01,  9.45434153e-01, -2.43361339e-01],\n",
      "        [-9.32940423e-01, -2.73913234e-01, -2.33653009e-01]],\n",
      "\n",
      "       [[ 9.52713251e-01, -1.88898131e-01, -2.38022804e-01],\n",
      "        [ 1.98411033e-01,  9.79981065e-01,  1.64364129e-02],\n",
      "        [ 2.30153039e-01, -6.28855452e-02,  9.71120417e-01]],\n",
      "\n",
      "       [[ 9.62552726e-01,  1.15800522e-01,  2.45117664e-01],\n",
      "        [-1.38037235e-01,  9.87544060e-01,  7.55148008e-02],\n",
      "        [-2.33319834e-01, -1.06522337e-01,  9.66548026e-01]],\n",
      "\n",
      "       [[ 9.89770830e-01,  1.38588771e-01, -3.38648073e-02],\n",
      "        [-1.37499169e-01,  9.89964008e-01,  3.26369144e-02],\n",
      "        [ 3.80480550e-02, -2.76466850e-02,  9.98893321e-01]],\n",
      "\n",
      "       [[ 9.79293168e-01, -1.81572154e-01,  8.95349085e-02],\n",
      "        [ 1.83497027e-01,  9.82924938e-01, -1.36882327e-02],\n",
      "        [-8.55206922e-02,  2.98341792e-02,  9.95889604e-01]]],\n",
      "      dtype=float32), 'betas': array([ 0.10193413,  0.39411327, -0.18530992, -0.4339141 , -0.14075601,\n",
      "        0.01130245,  0.12165117,  0.13610484, -0.10561559,  0.05962801],\n",
      "      dtype=float32)}, {'global_orient': array([[[-0.25370228, -0.11486698, -0.96043783],\n",
      "        [ 0.10650948, -0.99020356,  0.09029216],\n",
      "        [-0.9614005 , -0.0793884 ,  0.26345134]]], dtype=float32), 'body_pose': array([[[ 9.85168993e-01, -3.24275233e-02,  1.68494835e-01],\n",
      "        [ 5.39536141e-02,  9.90714729e-01, -1.24793127e-01],\n",
      "        [-1.62883595e-01,  1.32033229e-01,  9.77771044e-01]],\n",
      "\n",
      "       [[ 9.98420894e-01,  5.36695980e-02, -1.65879447e-02],\n",
      "        [-3.49414460e-02,  8.24554861e-01,  5.64702034e-01],\n",
      "        [ 4.39849980e-02, -5.63230813e-01,  8.25128078e-01]],\n",
      "\n",
      "       [[ 9.94859815e-01, -1.14699127e-02, -1.00609809e-01],\n",
      "        [-2.70747598e-02,  9.27261233e-01, -3.73434752e-01],\n",
      "        [ 9.75748450e-02,  3.74239236e-01,  9.22184408e-01]],\n",
      "\n",
      "       [[ 9.81180906e-01,  2.70970078e-04, -1.93090826e-01],\n",
      "        [ 2.24583521e-02,  9.93051827e-01,  1.15514591e-01],\n",
      "        [ 1.91780508e-01, -1.17677204e-01,  9.74357426e-01]],\n",
      "\n",
      "       [[ 9.72441435e-01, -6.26607239e-02, -2.24569112e-01],\n",
      "        [ 6.78033158e-02,  9.97582138e-01,  1.52538950e-02],\n",
      "        [ 2.23070294e-01, -3.00600529e-02,  9.74338830e-01]],\n",
      "\n",
      "       [[ 9.88860846e-01, -1.48446813e-01,  1.08489776e-02],\n",
      "        [ 1.45729661e-01,  9.80432868e-01,  1.32341370e-01],\n",
      "        [-3.02823484e-02, -1.29286185e-01,  9.91144776e-01]],\n",
      "\n",
      "       [[ 9.46675837e-01,  1.55521452e-01,  2.82166302e-01],\n",
      "        [-1.60522878e-01,  9.87017035e-01, -5.45475679e-03],\n",
      "        [-2.79351264e-01, -4.01302725e-02,  9.59349930e-01]],\n",
      "\n",
      "       [[ 9.43488955e-01, -2.50740260e-01, -2.16697812e-01],\n",
      "        [ 2.07642868e-01,  9.56879973e-01, -2.03138262e-01],\n",
      "        [ 2.58288741e-01,  1.46662951e-01,  9.54870105e-01]],\n",
      "\n",
      "       [[ 9.96877491e-01, -6.66334853e-02, -4.23713364e-02],\n",
      "        [ 6.97109774e-02,  9.94678497e-01,  7.58629441e-02],\n",
      "        [ 3.70908417e-02, -7.85797983e-02,  9.96217668e-01]],\n",
      "\n",
      "       [[ 9.71670151e-01, -2.26759493e-01, -6.66119531e-02],\n",
      "        [ 2.28443757e-01,  9.73376334e-01,  1.87604520e-02],\n",
      "        [ 6.05843924e-02, -3.34460586e-02,  9.97602522e-01]],\n",
      "\n",
      "       [[ 9.50844824e-01,  2.97217101e-01,  8.69263560e-02],\n",
      "        [-2.99470723e-01,  9.54005063e-01,  1.38456458e-02],\n",
      "        [-7.88130164e-02, -3.91969532e-02,  9.96118605e-01]],\n",
      "\n",
      "       [[ 9.87339139e-01, -1.05844408e-01, -1.18145213e-01],\n",
      "        [ 1.21517181e-01,  9.83438253e-01,  1.34472042e-01],\n",
      "        [ 1.01955414e-01, -1.47126198e-01,  9.83848989e-01]],\n",
      "\n",
      "       [[ 8.66228282e-01, -2.87554890e-01, -4.08608317e-01],\n",
      "        [ 3.46197248e-01,  9.35089886e-01,  7.58579150e-02],\n",
      "        [ 3.60272169e-01, -2.07169339e-01,  9.09552038e-01]],\n",
      "\n",
      "       [[ 8.62110317e-01, -5.63189797e-02,  5.03581107e-01],\n",
      "        [ 6.18194183e-03,  9.94899273e-01,  1.00683257e-01],\n",
      "        [-5.06682932e-01, -8.36869627e-02,  8.58061075e-01]],\n",
      "\n",
      "       [[ 9.44065928e-01, -3.00241522e-02, -3.28386933e-01],\n",
      "        [ 4.13158722e-02,  9.98768687e-01,  2.74606887e-02],\n",
      "        [ 3.27158123e-01, -3.94923016e-02,  9.44143951e-01]],\n",
      "\n",
      "       [[ 9.00078297e-01, -7.93129206e-02, -4.28448975e-01],\n",
      "        [ 1.70640290e-01,  9.68916595e-01,  1.79115891e-01],\n",
      "        [ 4.00925130e-01, -2.34328985e-01,  8.85634780e-01]],\n",
      "\n",
      "       [[ 8.31891239e-01, -3.63218665e-01,  4.19558346e-01],\n",
      "        [ 3.87473017e-01,  9.21411932e-01,  2.94084474e-02],\n",
      "        [-3.97267699e-01,  1.38102904e-01,  9.07251954e-01]],\n",
      "\n",
      "       [[ 1.45143375e-01,  2.53676195e-02, -9.89085436e-01],\n",
      "        [ 1.08602025e-01,  9.93222415e-01,  4.14105318e-02],\n",
      "        [ 9.83432293e-01, -1.13427132e-01,  1.41404673e-01]],\n",
      "\n",
      "       [[ 1.12137251e-01,  1.73717171e-01,  9.78390276e-01],\n",
      "        [-5.36829932e-04,  9.84610915e-01, -1.74760133e-01],\n",
      "        [-9.93692577e-01,  1.90718770e-02,  1.10504821e-01]],\n",
      "\n",
      "       [[ 9.66312349e-01, -1.24549359e-01, -2.25228459e-01],\n",
      "        [ 1.16395451e-01,  9.91984665e-01, -4.91797104e-02],\n",
      "        [ 2.29548454e-01,  2.13073958e-02,  9.73064005e-01]],\n",
      "\n",
      "       [[ 9.74229932e-01,  7.07888901e-02,  2.14160994e-01],\n",
      "        [-9.07026902e-02,  9.92276013e-01,  8.46239328e-02],\n",
      "        [-2.06516400e-01, -1.01868153e-01,  9.73125756e-01]],\n",
      "\n",
      "       [[ 9.87163663e-01,  1.33405775e-01, -8.78110975e-02],\n",
      "        [-1.25088304e-01,  9.87658262e-01,  9.42555070e-02],\n",
